[service_background.jpg]
filters=finetune2=1,0.894737,0.000000,0.000000,00000000,0.000000;finetune2=1,0.000000,0.000000,0.182456,00000000,0.403509;
moddate=98ddc650cf1acd01
width=1920
height=1440
textactive=0
